version = 'MMult_4x4_9';
MY_MMult = [
40 4.000000e+00 2.664535e-15 
80 3.820896e+00 9.769963e-15 
120 3.607516e+00 1.065814e-14 
160 3.544786e+00 1.065814e-14 
200 3.347280e+00 1.421085e-14 
240 3.291037e+00 1.776357e-14 
280 3.255524e+00 1.776357e-14 
320 3.283202e+00 3.019807e-14 
360 3.335669e+00 2.486900e-14 
400 3.350698e+00 3.907985e-14 
440 3.378106e+00 3.197442e-14 
480 3.353203e+00 2.842171e-14 
520 3.305313e+00 4.263256e-14 
560 3.240177e+00 4.618528e-14 
600 3.149147e+00 3.907985e-14 
640 3.137927e+00 4.618528e-14 
680 3.082077e+00 4.973799e-14 
720 3.037636e+00 4.973799e-14 
760 2.735709e+00 7.105427e-14 
800 2.610447e+00 4.973799e-14 
];
